,name,homepage,labels,github_id,description,category,github_url,license,created_at,updated_at,last_commit_pushed_at,commit_count,recent_commit_count,fork_count,watchers_count,pr_count,open_issue_count,closed_issue_count,star_count,contributor_count,projectrank,show,projectrank_placing,dependent_project_count,github_dependent_project_count,updated_github_id,latest_stable_release_published_at,latest_stable_release_number,release_count,github_release_downloads,monthly_downloads
0,Simon Willison,https://til.simonwillison.net/,"['programming', 'linux', 'python']",simonw/til,,english,https://github.com/simonw/til,Apache-2.0,2020-04-19 14:35:59,2024-12-25 18:43:42,2024-12-25 18:43:41,2050.0,46.0,96.0,41.0,24.0,20.0,53.0,1155.0,16.0,18,True,1.0,,,,,,,,
1,Oscean,https://wiki.xxiivv.com/site/home.html,[],XXIIVV/Oscean,,english,https://github.com/XXIIVV/oscean,MIT,2017-11-22 18:58:35,2025-01-08 23:24:08,2025-01-08 23:26:36,5841.0,187.0,81.0,12.0,79.0,15.0,42.0,503.0,46.0,18,True,1.0,7.0,7.0,,,,,,
2,100 Rabbits,https://100r.co/site/home.html,"['programming', 'arts']",hundredrabbits/100r.co,,english,https://github.com/hundredrabbits/100r.co,MIT,2017-11-25 02:23:26,2025-01-08 16:44:18,2025-01-08 16:44:13,2877.0,164.0,56.0,11.0,62.0,6.0,42.0,341.0,34.0,17,True,1.0,,,,,,,,
3,The Blue Book,https://lyz-code.github.io/blue-book,"['activism', 'antifascism', 'productivity', 'health', 'programming', 'python', 'linux', 'arts', 'science', 'feminism']",lyz-code/blue-book,,english,https://github.com/lyz-code/blue-book,CC0-1.0,2020-02-06 01:24:08,2025-01-09 06:49:27,2025-01-08 06:43:38,1529.0,32.0,93.0,22.0,28.0,,9.0,848.0,17.0,14,True,1.0,,,,,,,,
4,swyx.io ideas,https://www.swyx.io/ideas/?show=Essays,[],sw-yx/swyxdotio,,english,https://github.com/swyxio/swyxdotio,MIT,2017-10-22 06:35:18,2025-01-06 00:36:26,2025-01-06 00:36:25,860.0,1.0,46.0,15.0,40.0,28.0,441.0,361.0,31.0,14,True,1.0,,,swyxio/swyxdotio,,,,,
5,David Gasquez,https://publish.obsidian.md/davidgasquez/README,"['programming', 'health', 'linux', 'productivity', 'arts', 'science']",davidgasquez/handbook,,english,https://github.com/davidgasquez/handbook,MIT,2018-07-25 10:13:02,2025-01-09 13:52:16,2025-01-09 13:52:12,1374.0,44.0,18.0,9.0,6.0,1.0,7.0,159.0,4.0,14,True,1.0,,,,,,,,
6,Xinyang YU - 🥷🏻🌳🍃 Computer Science & Thinkering Garden,https://notes.yxy.ninja,"['programming', 'science', 'productivity', 'linux']",xy-241/CS-Notes,,english,https://github.com/xy-241/CS-Notes,MIT,2023-12-02 11:54:11,2025-01-08 15:14:56,2025-01-08 15:14:53,2471.0,165.0,4.0,2.0,49.0,,,50.0,194.0,14,True,1.0,,,,,,,,
7,Giant Robots Smashing Into Other Giant Robots,https://thoughtbot.com/blog,"['linux', 'programming', 'python']",thoughtbot/til,,english,https://github.com/thoughtbot/til,,2015-01-16 22:21:28,2024-07-19 22:16:50,2015-04-03 20:42:00,60.0,,220.0,405.0,97.0,,,3937.0,34.0,13,False,1.0,,,,,,,,
8,PuiMan Cheui,https://wiki.aleen42.com/,"['programming', 'linux']",aleen42/PersonalWiki,,english,https://github.com/aleen42/PersonalWiki,MIT,2015-05-13 14:26:08,2024-04-08 01:50:13,2024-04-08 01:48:46,19441.0,,51.0,20.0,3.0,28.0,7.0,347.0,4.0,13,True,1.0,,,,,,,,
9,Keyvan Akbary,https://keyvanakbary.github.io/learning-notes/,[],keyvanakbary/learning-notes,,english,https://github.com/keyvanakbary/learning-notes,,2017-01-30 20:52:21,2024-01-02 03:50:55,2022-01-15 16:58:33,108.0,,1195.0,213.0,23.0,2.0,2.0,5612.0,3.0,12,True,2.0,,,,,,,,
10,Yoshua Wuyts,https://github.com/yoshuawuyts/notes,"['arts', 'programming', 'productivity']",yoshuawuyts/notes,,english,https://github.com/yoshuawuyts/knowledge,,2014-11-15 17:42:36,2022-01-05 12:13:17,2020-10-07 20:53:06,1635.0,,43.0,47.0,17.0,5.0,33.0,846.0,13.0,12,False,2.0,,,yoshuawuyts/knowledge,,,,,
11,Kyle King recipes,https://recipes.kyleking.me/,['arts'],KyleKing/recipes,,english,https://github.com/KyleKing/recipes,MIT,2017-09-13 00:21:11,2025-01-07 12:01:54,2025-01-07 11:57:39,730.0,119.0,,3.0,23.0,3.0,11.0,5.0,2.0,12,True,2.0,,,,2024-12-19 14:31:51,0.5.0,2.0,,
12,Maggie Appelton,https://maggieappleton.com/garden,"['programming', 'science', 'arts']",MaggieAppleton/maggieappleton.com-V2,,english,https://github.com/MaggieAppleton/maggieappleton.com-V2,,2021-09-24 09:01:12,2024-12-29 11:35:29,2024-12-04 08:47:42,1040.0,45.0,31.0,6.0,26.0,3.0,1.0,349.0,6.0,11,True,2.0,,,,,,,,
13,Jesse Squires,https://jessesquires.github.io/TIL/,"['programming', 'python', 'activism']",jessesquires/TIL,,english,https://github.com/jessesquires/TIL,MIT,2017-12-22 16:57:51,2024-11-14 19:20:32,2024-11-14 19:20:31,403.0,1.0,8.0,21.0,4.0,,,286.0,5.0,11,True,2.0,,,,,,,,
14,pawamoy's website,https://pawamoy.github.io,"['programming', 'python', 'science']",pawamoy/website/,,english,https://github.com/pawamoy/website,ISC,2020-06-04 21:33:15,2025-01-04 14:57:23,2025-01-04 14:57:18,298.0,16.0,4.0,6.0,4.0,7.0,4.0,51.0,,11,True,2.0,,,,,,,,
15,Scott Spence,https://scottspence.com/posts,[],spences10/scottspence.com,,english,https://github.com/spences10/scottspence.com,,2021-07-17 15:36:36,2025-01-09 13:38:46,2025-01-09 10:55:06,3063.0,131.0,10.0,3.0,994.0,1.0,3.0,48.0,10.0,11,True,2.0,,,,,,,,
16,Nikita Voloboev,https://wiki.nikiv.dev/,"['science', 'programming', 'arts', 'linux', 'activism', 'python', 'health', 'productivity']",nikitavoloboev/knowledge,,english,https://github.com/nikitavoloboev/docs,,2017-09-21 20:12:21,2025-01-09 10:30:21,2025-01-09 10:30:18,8.0,8.0,548.0,120.0,87.0,1.0,,4841.0,,10,True,2.0,,,nikitavoloboev/docs,,,,,
17,Richard Littauer,https://github.com/RichardLitt/knowledge,"['science', 'arts', 'python', 'programming']",RichardLitt/knowledge,,english,https://github.com/RichardLitt/knowledge,MIT,2015-10-31 18:29:39,2024-09-30 23:05:57,2024-09-30 23:05:51,295.0,,20.0,20.0,10.0,4.0,15.0,249.0,5.0,10,True,2.0,,,,,,,,
18,Bhupesh Varshney,https://til.bhupesh.me/,"['programming', 'linux', 'python']",Bhupesh-V/til,,english,https://github.com/Bhupesh-V/til,CC0-1.0,2019-06-18 06:09:22,2025-01-09 18:31:57,2025-01-09 18:31:55,396.0,7.0,16.0,3.0,4.0,1.0,26.0,82.0,,10,True,2.0,,,,,,,,
19,Gwern Branwen,https://www.gwern.net/,"['science', 'programming', 'arts']",gjord/gwern.net,,english,https://github.com/gjord/gwern.net,,2014-07-03 17:41:01,2023-04-26 13:48:21,2014-07-03 17:50:18,8297.0,,21.0,4.0,,,,35.0,5.0,10,False,2.0,,,,,,,,
20,Michael Lubinsky,https://mlubinsky.github.io/,"['programming', 'python', 'linux']",mlubinsky/mlubinsky.github.com,,english,https://github.com/mlubinsky/mlubinsky.github.com,,2011-07-14 23:56:22,2025-01-09 00:31:03,2025-01-09 00:31:02,12272.0,375.0,3.0,2.0,,,1.0,9.0,8.0,10,True,2.0,,,,,,,,
21,Jethro's Braindump,https://braindump.jethro.dev/,"['science', 'linux', 'programming', 'activism']",jethrokuan/braindump,,english,https://github.com/jethrokuan/braindump,,2017-03-02 14:55:34,2022-12-02 08:22:52,2022-12-02 08:22:44,574.0,,85.0,19.0,29.0,4.0,12.0,380.0,6.0,9,True,2.0,,,,,,,,
22,mistermicheels learning notes,https://learning-notes.mistermicheels.com/about/about/,['programming'],mistermicheels/learning-notes,,english,https://github.com/mistermicheels/learning-notes,CC-BY-4.0,2019-04-13 20:39:28,2024-11-17 21:20:40,2024-11-17 18:46:24,290.0,1.0,49.0,8.0,16.0,,,275.0,2.0,9,True,2.0,,,,,,,,
23,Paul Copplestone,https://paul.copplest.one/knowledge/,"['arts', 'science', 'programming']",kiwicopple/paul.copplest.one,,english,https://github.com/kiwicopple/paul.copplest.one,,2019-04-06 11:12:55,2024-12-31 09:28:25,2024-12-31 09:28:19,325.0,5.0,21.0,5.0,54.0,1.0,,36.0,10.0,9,True,2.0,,,,,,,,
24,purarues exobrain,https://purarue.xyz/x/,"['programming', 'linux']",purarue/exobrain,,english,https://github.com/purarue/exobrain,MIT,2020-06-11 04:33:29,2025-01-09 04:49:46,2025-01-09 04:49:45,828.0,48.0,,4.0,11.0,,18.0,18.0,2.0,9,True,2.0,,,,,,,,
25,Project Delta - one bit better,https://selimslab.github.io/,"['art', 'science', 'programming', 'philosophy', 'psychology', 'practical skills', 'poetry', 'technology']",selimslab/selimslab.github.io,"A digital space to create, collect, and share.",english,https://github.com/selimslab/selimslab.github.io,MIT,2020-01-01 15:03:33,2024-12-13 16:07:01,2024-12-13 16:06:52,2678.0,6.0,,1.0,,,1.0,14.0,33.0,9,True,2.0,,,,2022-11-09 08:20:55,1.0.0,1.0,,
26,Lee Byron,https://leebyron.com/til/,"['programming', 'linux']",leebyron/til,,english,https://github.com/leebyron/til,MIT,2022-01-04 00:11:18,2024-10-18 22:10:31,2024-10-18 22:10:13,265.0,1.0,8.0,6.0,3.0,2.0,,59.0,,8,True,2.0,,,,,,,,
27,Simon Vocella,https://github.com/voxsim/knowledge,"['science', 'programming']",voxsim/knowledge,,english,https://github.com/voxsim/knowledge,,2017-02-10 13:21:49,2020-06-07 22:04:37,2020-06-07 22:04:32,1689.0,,6.0,6.0,,,,38.0,,8,False,2.0,,,,,,,,
28,Wayanjimmy Notebook,https://notebook.wayanjimmy.xyz/,"['arts', 'programming', 'science', 'productivity']",wayanjimmy/notebook,,english,https://github.com/wayanjimmy/notebook,MIT,2019-07-04 11:37:40,2023-05-28 13:48:45,2023-05-28 13:48:44,490.0,,7.0,2.0,3.0,3.0,,30.0,3.0,8,True,2.0,,,,,,,,
29,Marc Loupias,https://memo-dev.marc-loupias.fr/,"['programming', 'linux']",MarcLoupias/memo-dev,,english,https://github.com/MarcLoupias/memo-dev,ISC,2017-05-07 16:44:33,2024-04-04 13:36:41,2024-04-04 13:36:40,903.0,,4.0,4.0,91.0,,,16.0,3.0,8,True,2.0,,,,,,,,
30,Brian Turchyn,https://wiki.brianturchyn.net,"['health', 'productivity', 'programming']",b-turchyn/wiki,,english,https://github.com/b-turchyn/wiki,CC-BY-SA-4.0,2022-04-11 14:41:41,2025-01-08 21:11:07,2025-01-08 21:11:02,790.0,23.0,2.0,3.0,3.0,,,13.0,2.0,8,True,2.0,,,,,,,,
31,Pensieve,https://paveloom.github.io/pensieve,"['programming', 'linux', 'science']",paveloom/paveloom.github.io,,english,https://github.com/paveloom/paveloom.dev,MIT,2020-02-01 14:29:58,2024-11-03 18:51:15,2024-11-03 18:50:57,1241.0,13.0,,2.0,60.0,,10.0,1.0,3.0,8,True,2.0,,,paveloom/paveloom.dev,,,,,
32,enkiv2,https://www.lord-enki.net/,"['arts', 'science']",enkiv2/misc,,english,https://github.com/enkiv2/misc,,2016-05-13 19:55:51,2024-12-13 19:54:33,2024-12-13 19:54:23,1132.0,2.0,5.0,9.0,1.0,1.0,2.0,64.0,,7,True,2.0,,,,,,,,
33,Omar Bahareth,https://wiki.omar.engineer/,"['programming', 'science']",obahareth/knowledge,,english,https://github.com/obahareth/knowledge,MIT,2018-10-01 15:35:49,2022-08-25 10:30:44,2022-08-10 09:10:09,123.0,,2.0,4.0,1.0,,,27.0,,7,True,2.0,,,,,,,,
34,Ezekiel Kigbo,https://github.com/theatlasroom/tidbits,"['programming', 'science']",theatlasroom/tidbits,,english,https://github.com/theatlasroom/tidbits,,2016-02-17 01:44:04,2023-11-29 06:20:10,2023-11-29 05:51:41,247.0,,3.0,6.0,3.0,,,21.0,3.0,7,True,2.0,,,,,,,,
35,StrikingLoo (Luciano's Digital Garden),https://strikingloo.github.io,"['productivity', 'programming', 'python']",StrikingLoo/strikingloo.github.io,,english,https://github.com/StrikingLoo/strikingloo.github.io,,2020-06-11 20:36:07,2024-12-30 10:04:03,2024-12-30 10:04:02,1759.0,39.0,2.0,4.0,28.0,,1.0,8.0,4.0,7,True,2.0,,,,,,,,
36,Yarden Zamir - an open sourced 🧠,https://www.yarden-zamir.com,"['programming', 'productivity']",Yarden-zamir/me,,english,https://github.com/Yarden-zamir/me,,2022-11-21 13:38:48,2024-12-27 18:17:30,2024-12-27 18:17:28,359.0,46.0,5.0,2.0,3.0,1.0,3.0,3.0,2.0,7,True,2.0,,,,,,,,
37,Carlos Delfino,https://carlosdelfino.github.io,[],CarlosDelfino/carlosdelfino.github.com,,portuguese,https://github.com/carlosdelfino/carlosdelfino.github.com,MIT,2011-02-01 11:59:36,2024-11-25 18:42:14,2024-11-25 18:41:53,1918.0,2.0,,4.0,11.0,,,2.0,20.0,7,True,1.0,,,,,,,,
38,nkintc,https://nkintc.gitbook.io/brainless/,"['arts', 'science', 'linux']",nkintc/nkintc.github.io,,english,https://github.com/nkintc/nkintc.github.io,MIT,2020-04-30 17:33:44,2024-12-28 18:13:09,2024-12-28 18:13:08,394.0,1.0,,,2.0,,,,,7,True,2.0,,,,,,,,
39,Karlicoss Exobrain,https://beepb00p.xyz/exobrain/,"['programming', 'arts', 'science', 'health', 'productivity']",karlicoss/exobrain,,english,https://github.com/karlicoss/exobrain,CC-BY-4.0,2020-03-07 16:16:24,2024-02-11 20:37:36,2024-02-11 20:37:30,119.0,,6.0,5.0,1.0,,1.0,80.0,,6,True,3.0,,,,,,,,
40,Robb Knight - The Intersect,https://intersect.rknight.me/,"['productivity', 'health', 'linux', 'programming']",rknightuk/intersect,,english,https://github.com/rknightuk/intersect,,2021-08-23 20:20:08,2024-01-17 21:08:42,2024-01-17 21:08:37,173.0,,2.0,3.0,1.0,,,40.0,,6,True,3.0,,,,,,,,
41,E. Ferreira,https://github.com/slowernews/notebook,"['programming', 'arts']",slowernews/notebook,,english,https://github.com/slowernews/notebook,,2018-02-10 10:44:54,2024-12-12 12:22:43,2024-12-12 12:22:35,470.0,4.0,1.0,4.0,,,1.0,39.0,,6,True,3.0,,,,,,,,
42,Imron Rosyadi,https://irosyadi.gitbook.io/irosyadi/,['programming'],irosyadi/gitbook,,english,https://github.com/irosyadi/gitbook,,2020-06-28 14:40:32,2024-07-15 02:40:33,2024-07-15 02:40:30,246.0,,15.0,3.0,5.0,,,32.0,3.0,6,True,3.0,,,,,,,,
43,Joseph Rex,https://github.com/josephrexme/knowledge,"['programming', 'arts']",josephrexme/knowledge,,english,https://github.com/josephrexme/knowledge,MIT,2017-03-18 09:01:42,2021-10-29 15:05:30,2021-10-29 15:05:27,85.0,,1.0,6.0,,,1.0,29.0,,6,True,3.0,,,,,,,,
44,Sam Yamashita,https://github.com/sotayamashita/knowledge,"['programming', 'linux']",sotayamashita/knowledge,,english,https://github.com/sotayamashita/knowledge,CC-BY-SA-4.0,2016-08-08 00:42:35,2018-02-06 16:32:26,2018-02-06 16:32:26,344.0,,1.0,6.0,1.0,1.0,11.0,16.0,2.0,6,False,3.0,,,,,,,,
45,SecretGeek TIL,https://til.secretgeek.net/,"['programming', 'linux', 'arts', 'python', 'productivity']",secretGeek/today-i-learned-staging,,english,https://github.com/secretGeek/today-i-learned-staging,,2020-04-18 14:15:35,2025-01-02 00:56:57,2025-01-02 00:56:53,285.0,9.0,4.0,5.0,1.0,,,13.0,2.0,6,True,3.0,,,,,,,,
46,Rachel Brindle,https://knowledge.rachelbrindle.com/,"['activism', 'science', 'arts', 'productivity', 'programming', 'python', 'linux']",younata/personal_knowledge,,english,https://github.com/younata/personal_knowledge,,2019-03-24 01:09:02,2024-12-07 03:38:33,2024-12-07 03:38:10,471.0,11.0,,4.0,6.0,,,9.0,3.0,6,True,3.0,,,,,,,,
47,Memento,https://m0wer.github.io/memento/,"['programming', 'linux', 'python', 'arts']",m0wer/memento,,english,https://github.com/m0wer/memento,,2021-04-07 14:35:27,2025-01-09 05:19:27,2025-01-09 05:19:23,1313.0,32.0,,2.0,,,,5.0,2.0,6,True,3.0,,,,,,,,
48,Walter Teng,https://walterteng.com/garden,"['programming', 'productivity', 'arts']",davzoku/personal-website-v1,,english,https://github.com/davzoku/personal-website-v1,MIT,2021-06-15 15:25:18,2024-01-06 13:31:24,2023-12-30 09:00:38,195.0,,,3.0,86.0,,,5.0,2.0,6,True,3.0,,,,,,,,
49,Edward Wardell-Yerburgh,https://notes.eddyerburgh.me/,['programming'],eddyerburgh/notes,,english,https://github.com/eddyerburgh/notes,,2019-08-09 06:56:25,2022-03-16 21:09:51,2022-03-16 21:09:48,123.0,,11.0,6.0,4.0,,,63.0,2.0,5,True,3.0,,,,,,,,
50,Josh Johnston,https://github.com/joshwnj/knowledge,"['programming', 'productivity', 'arts']",joshwnj/knowledge,,english,https://github.com/joshwnj/knowledge,,2015-10-31 13:29:12,2018-01-25 03:21:53,2018-01-25 03:21:51,57.0,,4.0,7.0,2.0,,,48.0,,5,False,3.0,,,,,,,,
51,Junwei Zhao,https://wiki.toozhao.com/#/,"['programming', 'linux']",wahyd4/knowledge,,english,https://github.com/wahyd4/knowledge,,2017-06-02 09:24:45,2022-07-25 05:38:16,2022-07-25 05:38:16,233.0,,7.0,6.0,,1.0,1.0,48.0,2.0,5,True,3.0,,,,,,,,
52,Aizat Faiz,https://www.aizatto.com/,['programming'],aizatto/gitbook-public,,english,https://github.com/aizatto/gitbook-public,,2019-01-29 01:07:38,2023-03-29 03:35:54,2023-03-29 03:35:54,750.0,,2.0,3.0,,,,23.0,2.0,5,True,3.0,,,,,,,,
53,Daniel Schildt,https://github.com/d2s/knowledge,"['programming', 'linux', 'arts', 'science']",d2s/knowledge,,english,https://github.com/d2s/knowledge,,2016-01-21 02:41:09,2020-06-11 21:04:21,2020-06-11 21:03:51,140.0,,3.0,6.0,1.0,1.0,,22.0,2.0,5,False,3.0,,,,,,,,
54,Andrew Zappella,https://github.com/azappella/knowledge,"['programming', 'productivity', 'linux']",azappella/knowledge,,english,https://github.com/azappella/knowledge,,2018-06-26 16:04:46,2024-12-30 18:40:01,2024-12-30 18:39:56,154.0,2.0,1.0,4.0,,,,20.0,,5,True,3.0,,,,,,,,
55,Caio Gondim,https://github.com/caiogondim/knowledge,"['programming', 'linux']",caiogondim/knowledge,,english,https://github.com/caiogondim/knowledge,MIT,2016-04-19 18:23:40,2016-06-14 11:56:52,2016-06-14 11:48:11,23.0,,1.0,6.0,,,,12.0,2.0,5,False,3.0,,,,,,,,
56,The Refined Mind,https://refinedmind.co/digital-garden,[],MikeTannenbaum/my-public-mind,,english,https://github.com/MikeTannenbaum/my-public-mind,,2020-05-29 16:00:06,2022-12-13 18:22:24,2022-12-13 18:22:22,185.0,,2.0,1.0,1.0,,,14.0,4.0,4,True,3.0,,,,,,,,
57,Alex Pliutau,https://github.com/plutov/notebook,['programming'],plutov/notebook,,english,https://github.com/plutov/notebook,,2018-08-20 02:42:32,2021-03-06 09:16:55,2021-03-06 09:16:55,70.0,,6.0,5.0,1.0,,,12.0,2.0,4,True,3.0,,,,,,,,
58,Kamil Ronewicz,https://github.com/galileo/knowledge,['programming'],galileo/knowledge,,english,https://github.com/galileo/knowledge,MIT,2017-05-03 07:48:33,2022-02-08 11:35:24,2022-02-08 11:35:23,39.0,,1.0,3.0,1.0,,1.0,9.0,,4,True,3.0,,,,,,,,
59,Nimalan aka mark1626,https://mark1626.github.io/knowledge/,"['science', 'programming', 'linux']",mark1626/knowledge,,english,https://github.com/Mark1626/knowledge,CC0-1.0,2019-12-29 09:35:55,2024-10-22 04:20:51,2024-10-22 04:20:08,355.0,2.0,1.0,1.0,,,,9.0,3.0,4,True,3.0,,,,,,,,
60,Piotr Stojanow,https://wiki.stojanow.com/,"['science', 'arts', 'activism', 'productivity']",psto/episteme,,english,https://github.com/psto/episteme,,2019-01-31 17:47:00,2024-08-08 10:27:30,2024-08-08 10:27:21,188.0,,1.0,5.0,,,,8.0,2.0,4,True,3.0,,,,,,,,
61,Mineral Existence,https://mineralexistence.com/home.html,"['programming', 'arts']",flber/Mineral-Existence,,english,https://github.com/flber/mx,,2020-09-27 02:34:26,2023-04-26 20:36:57,2023-04-19 21:15:01,565.0,,1.0,1.0,4.0,,,8.0,,4,True,3.0,,,flber/mx,,,,,
62,Myles Braithwaite,https://wiki.mylesb.ca/,"['programming', 'arts', 'linux', 'productivity']",myles/wiki,,english,https://github.com/myles/wiki,CC0-1.0,2017-10-30 00:35:00,2023-04-14 04:08:46,2023-04-14 04:08:46,437.0,,,3.0,137.0,1.0,1.0,3.0,4.0,4,True,3.0,,,,2019-01-14 15:42:02,2018,1.0,21.0,0.0
63,Things Learned,https://sunflowerno0b.github.io/ATW/,"['programming', 'linux']",sunflowerno0b/ATW,,english,https://github.com/sunflowerno0b/ATW,GPL-3.0,2020-10-19 22:55:09,2023-04-15 17:11:43,2023-04-15 17:11:02,95.0,,,,,,,2.0,7.0,4,True,3.0,,,,,,,,
64,Marshall Bowers,https://knowledge.maxdeviant.com/,"['programming', 'linux']",maxdeviant/knowledge,,english,https://github.com/maxdeviant/knowledge,,2020-03-21 21:21:49,2021-05-16 18:04:43,2021-05-16 18:04:40,30.0,,,3.0,,,,,,4,True,3.0,,,,,,,,
65,The Golden Forest,https://www.lorien.cloud/,"['linux', 'tools']",sdelrio/golden-forest,,english,https://github.com/sdelrio/golden-forest,,2021-11-06 18:24:10,2024-08-21 20:27:11,2024-08-21 20:25:27,312.0,,,2.0,25.0,,,,,4,True,3.0,,,,,,,,
66,Mingyang Li,https://tslmy.gitbook.io/k/,"['programming', 'science']",tslmy/know,,english,https://github.com/tslmy/know,,2019-03-03 20:52:14,2022-04-28 19:33:33,2022-04-28 19:33:32,104.0,,1.0,3.0,,,,11.0,2.0,3,True,3.0,,,,,,,,
67,David Seah,https://davidseah.gitbook.io/davidseah/,"['productivity', 'programming']",davidseah/knowledgebank,,english,https://github.com/davidseah/knowledgebank,,2019-10-24 01:09:09,2021-09-02 01:33:58,2021-09-02 01:33:56,208.0,,,1.0,,,,7.0,,3,True,3.0,,,,,,,,
68,Nick S. Plekhanov,https://github.com/nicksp/til,['programming'],nicksp/til,,english,https://github.com/nicksp/til,,2017-04-23 21:55:40,2017-07-14 21:13:57,2017-07-14 21:13:51,12.0,,,3.0,,,,6.0,,3,False,3.0,,,,,,,,
69,Bruno Coimbra,https://wiki.metaphoric.dev/,['linux'],b-coimbra/wiki,,english,https://github.com/b-coimbra/wiki,,2017-06-26 23:15:31,2024-02-20 21:13:18,2024-02-20 21:12:02,111.0,,,1.0,,,,5.0,3.0,3,True,3.0,,,,,,,,
70,Alper Kanat,https://github.com/tunix/notebook,['linux'],tunix/notebook,,english,https://github.com/tunix/notebook,,2020-10-02 09:34:09,2024-11-11 22:33:37,2024-11-11 22:33:30,30.0,5.0,1.0,2.0,,,,4.0,2.0,3,True,3.0,,,,,,,,
71,Josh Pierro,https://github.com/joshpierro/knowledge,"['programming', 'linux', 'arts']",joshpierro/knowledge,,english,https://github.com/joshpierro/knowledge,,2017-03-09 18:24:08,2019-04-30 15:55:55,2019-04-30 15:55:54,14.0,,,3.0,,,,4.0,,3,False,3.0,,,,,,,,
72,Oleh Kuchuk,https://github.com/hzlmn/week-learning,"['python', 'programming']",hzlmn/week-learning,,english,https://github.com/hzlmn/week-learning,,2017-03-26 10:04:54,2019-08-18 21:28:23,2019-08-18 21:28:22,47.0,,,4.0,,,,4.0,2.0,3,False,3.0,,,,,,,,
73,Eyal Levin,https://github.com/eyalev/notes,['arts'],eyalev/notes,,english,https://github.com/eyalev/notes,,2018-10-04 19:46:56,2020-04-27 09:26:21,2020-04-27 09:26:17,88.0,,,2.0,,,,3.0,,3,False,3.0,,,,,,,,
74,Harald O. Bakke,https://hwiki.bakke.be/,"['activism', 'arts', 'productivity']",bakke92/hwiki,,english,https://github.com/oppoverbakke/hwiki,,2019-04-13 09:28:45,2024-12-13 21:25:51,2024-12-13 21:25:50,302.0,2.0,,2.0,,,,3.0,2.0,3,True,3.0,,,oppoverbakke/hwiki,,,,,
75,Prasanna Loganathar,https://github.com/prasannavl/knowledge,"['science', 'linux', 'programming']",prasannavl/knowledge,,english,https://github.com/prasannavl/knowledge,,2019-05-10 00:53:49,2022-02-28 07:29:34,2022-02-28 07:29:30,90.0,,,3.0,,,,2.0,,3,True,3.0,,,,,,,,
76,Shreyas Minocha’s Wiki,https://wiki.shreyasminocha.me/index.html,"['science', 'programming', 'python']",shreyasminocha/wiki,,english,https://github.com/shreyasminocha/wiki,,2020-05-21 16:08:32,2021-02-21 01:46:20,2021-02-21 01:45:23,50.0,,,3.0,,,,2.0,3.0,3,True,3.0,,,,,,,,
77,Stephen McAleese,https://directory.stephenmcaleese.com/,"['science', 'productivity']",smcaleese/directory,,english,https://github.com/smcaleese/directory,,2019-02-13 20:50:10,2022-12-09 15:40:20,2021-02-14 21:42:32,47.0,,,1.0,34.0,,,,,3,True,3.0,,,,,,,,
78,Rebeca Sarai,https://rsarai.github.io/,[],rsarai/rsarai.github.io,,english,https://github.com/rsarai/rsarai.github.io,MIT,2020-02-07 01:46:20,2024-03-19 00:18:12,2023-08-10 14:28:02,111.0,,,2.0,17.0,1.0,,,2.0,3,True,3.0,,,,,,,,
79,Believer,https://devlog.willcodefor.beer/,['programming'],believer/devlog,,english,https://github.com/believer/devlog,,2021-06-13 07:49:07,2022-04-23 04:28:06,2022-04-23 04:28:06,142.0,,1.0,2.0,,,,20.0,2.0,2,True,3.0,,,,,,,,
80,Nimor's zettelkasten,https://nimor111.github.io/notebook/,[],Nimor111/notebook,,english,https://github.com/Nimor111/notebook,,2020-12-03 21:03:34,2021-06-03 20:32:37,2021-06-03 20:31:25,43.0,,1.0,2.0,,,,7.0,2.0,2,True,3.0,,,,,,,,
81,.CLI,https://wiki.changbai.li/#/,"['programming', 'health']",dotcli/knowledge,,english,https://github.com/dotcli/knowledge,,2018-12-09 14:00:32,2024-09-16 20:49:10,2022-12-19 19:32:28,138.0,,,1.0,2.0,,,6.0,2.0,2,True,3.0,,,,,,,,
82,(Nick Belzer,https://notes.nickbelzer.me/,['programming'],nbelzer/notes,,english,https://github.com/nbelzer/notes,,2020-04-25 18:21:31,2023-02-20 19:56:56,2022-12-03 14:28:47,110.0,,,2.0,41.0,1.0,,4.0,2.0,2,True,3.0,,,,,,,,
83,Vegard Stikbakke's TILs,https://til.vegardstikbakke.com/,['programming'],vegarsti/til,,english,https://github.com/vegarsti/til,,2021-05-19 10:00:20,2024-09-20 07:09:43,2024-09-20 07:09:41,66.0,,,2.0,,,,1.0,,2,True,3.0,,,,,,,,
84,Manassarn Manoonchai,https://wiki.monosor.com/,"['programming', 'productivity', 'arts']",narze/knowledge,,english,https://github.com/narze/knowledge,,2019-07-19 04:49:09,2020-11-10 04:50:23,2020-11-10 04:50:17,55.0,,,1.0,,,,,2.0,2,True,3.0,,,,,,,,
85,Mehmet Kanat,https://github.com/mehmetka/notebook,['programming'],mehmetka/notebook,,english,https://github.com/mehmetkanatt/notebook,,2020-09-13 16:06:40,2024-11-30 11:53:11,2024-11-30 11:53:04,136.0,3.0,,1.0,,,,1.0,2.0,1,True,3.0,,,mehmetkanatt/notebook,,,,,
86,Derelict garden,https://derelict.garden,"['programming', 'linux', 'science']",,"Digital garden, webring and community of hackers.",english,,,,,,,,,,,,,,,1,True,3.0,,,,,,,,
87,Brandon Boswell,https://brandonkboswell.com/,"['programming', 'productivity', 'design', 'mindfulness']",brandonkboswell/garden,,english,https://github.com/brandonkboswell/garden,,2022-01-20 03:35:26,2024-03-25 13:25:42,2024-03-25 13:25:34,110.0,,,2.0,,,1.0,2.0,,0,True,,,,,,,,,
88,Mathias Borgmalm,https://wiki.mathiasborgmalm.dev/,"['arts', 'programming']",MateBoy/knowledge-base,,english,,,,,,,,,,,,,,,0,True,,,,,,,,,
89,Maxime Vaillancourt,https://maximevaillancourt.com/notes,[],maximevaillancourt/maximevaillancourt.com,,english,,,,,,,,,,,,,,,0,True,,,,,,,,,
90,Jake Chvatal,https://wiki.jacob.chvatal.com/,[],jakeisnt/wiki,,english,,,,,,,,,,,,,,,0,True,,,,,,,,,
91,Kirill Gorbachyonok,https://github.com/japanese-goblinn/knowledge-base,"['programming', 'productivity']",japanese-goblinn/knowledge-base,,english,,,,,,,,,,,,,,,0,True,,,,,,,,,
92,whoibrar notes,https://notes.whoibrar.com/,"['productivity', 'programming', 'python']",,,english,,,,,,,,,,,,,,,0,True,,,,,,,,,
